0, 20.02017955522317, -418.4501611641205, -17.642571740744756, 0.0329472713004451, 1.258526280271313, 2351.305224286585, 53.13191323271265, 0.20250049999999997, 1202.2202677701273, 0.0, 0.20249999999999999, 0.027, 0.0027, 0.00018, 6e-06
0.5, 5.433172547936424, -0.23225193591466645, 942.7143200779201, -0.0001832229042494643, 0.9928592840376798, 1443.0643171729075, 0.0002453656235633959, 0.20248334305999002, 0.6978466556915477, 4.885349584211969, 0.20248198078470273, 0.026998198058426806, 0.0026998798692255362, 0.00017999599559630886, 6e-06
1.0, 5.411904105649829, -0.001028771070958188, 14138.372773448764, -6.59834908519011e-07, 0.9904951057263524, 1436.4824989814233, 5.135533630406287e-08, 0.20246089750457466, 0.004419122205111125, 5.149301732145903, 0.2024595060573636, 0.02699595050450821, 0.0026997300268851126, 0.00017999100067120398, 6e-06
1.5, 5.411808912623959, -5.989756671171945e-06, 211622.80461358745, 2.748446737088709e-07, 0.9903204394754405, 1436.2146191676522, 2.7355837159044708e-08, 0.20243838100385506, 0.0013504924129300138, 5.1511757902617745, 0.2024369896448951, 0.02699369871937718, 0.0026995798982834764, 0.00017998599606469865, 6e-06
2.0, 5.41180778849993, -1.4252202778829862e-06, 3167536.119607396, 2.7901592411245374e-07, 0.990156069015278, 1435.976175342077, 2.7265256921244136e-08, 0.20241586790504007, 0.0013365034072137883, 5.151198009128386, 0.20241447677817337, 0.026991447226242714, 0.0026994297849757534, 0.00017998099182888464, 6e-06
2.5, 5.411807084297481, -1.4046141657688784e-06, 47411152.94821836, 2.789957233290249e-07, 0.9899917808960522, 1435.7379158191395, 2.725734711847526e-08, 0.20239335856517768, 0.0013361462555352003, 5.151211929046586, 0.20239196767099835, 0.026989196046508523, 0.0026992796883902083, 0.00017997598801140806, 6e-06
3.0, 5.4118063820867555, -1.404286854404158e-06, 709641989.6722846, 2.7895681448454905e-07, 0.9898275293191132, 1435.4997095809206, 2.7249811705580445e-08, 0.20237085298503424, 0.0013358500219902755, 5.151225810409443, 0.2023694623234932, 0.026986945180209596, 0.002699129608530453, 0.00017997098461242423, 6e-06
3.5, 5.411805680002585, -1.4040500968605095e-06, 10621795620.251486, 2.789178297743272e-07, 0.9896633140665502, 1435.2615560234733, 2.7242280673576515e-08, 0.20234835116377892, 0.0013355541418918811, 5.151239690084695, 0.20234696073482422, 0.026984694627285203, 0.0026989795453937165, 0.00017996598163187564, 6e-06
4.0, 5.4118049780366135, -1.4038137964125157e-06, 158985099870.3842, 2.788788523367709e-07, 0.9894991351271659, 1435.023455129303, 2.723475216168706e-08, 0.20232585310057344, 0.001335258344922915, 5.151253568237129, 0.20232446290415312, 0.026982444387674148, 0.002698829498977198, 0.00017996097906970381, 6e-06
4.5, 5.411804276188779, -1.403577550952095e-06, 2379659147561.2354, 2.788398825616915e-07, 0.9893349924909053, 1434.7854068838233, 2.7227226146714152e-08, 0.20230335879457978, 0.0013349626298498765, 5.151267444867735, 0.2023019688306419, 0.026980194461315277, 0.0026986794692780967, 0.00017995597692585028, 6e-06
5.0, 5.411803574459052, -1.4033413586693005e-06, 35618279174431.4, 2.788009204202221e-07, 0.9891708861477368, 1434.5474112724855, 2.7219702626662916e-08, 0.20228086824496017, 0.0013346669966401753, 5.151281319976765, 0.20227947851345282, 0.02697794484814743, 0.002698529456293613, 0.00017995097520025658, 6e-06
5.5, 5.41180287284741, -1.4031052195410888e-06, 533127346248607.0, 2.787619659246548e-07, 0.9890068160876326, 1434.3094682807478, 2.721218160050202e-08, 0.20225838145087707, 0.0013343714452665916, 5.151295193564474, 0.20225699195174834, 0.02697569554810947, 0.0026983794600209474, 0.00017994597389286423, 6e-06
6.0, 5.411802171353823, -1.4028691335524293e-06, 7979741700564739.0, 2.787230190520317e-07, 0.9888427823005689, 1434.0715778940726, 2.7204663067262945e-08, 0.20223589841149353, 0.0013340759757019434, 5.151309065631109, 0.20223450914469152, 0.02697344656114031, 0.0026982294804573045, 0.00017994097300361487, 6e-06
6.5, 5.411801469978263, -1.4026331006883307e-06, 1.1943910911023366e+17, 2.786840798275469e-07, 0.988678784776525, 1433.8337400979274, 2.7197147025981732e-08, 0.20221341912597207, 0.0013337805879190554, 5.15132293617692, 0.2022120300914449, 0.0269711978871788, 0.0026980795175998826, 0.00017993597253245, 6e-06
7.0, 5.411800768720709, -1.4023971209338081e-06, 1.7877390420115453e+18, 2.7864514823772917e-07, 0.9885148235054834, 1433.5959548777844, 2.7189633475695066e-08, 0.20219094359347645, 0.001333485281890767, 5.151336805202165, 0.20218955479117226, 0.026968949526163914, 0.0026979295714458897, 0.0001799309724793113, 6e-06
7.5, 5.411800067581133, -1.402161194273878e-06, 2.6758486276094472e+19, 2.78606224282565e-07, 0.98835089847743, 1433.35822221912, 2.7182122415440055e-08, 0.20216847181316966, 0.0013331900575899234, 5.151350672707094, 0.2021670832430366, 0.026966701478034528, 0.002697779641992525, 0.00017992597284414028, 6e-06
8.0, 5.411799366559508, -1.4019253206935678e-06, 4.0051501925049316e+20, 2.7856730797190705e-07, 0.9881870096823543, 1433.1205421074171, 2.717461384425433e-08, 0.2021460037842154, 0.0013328949149893842, 5.151364538691956, 0.20214461544620163, 0.0269644537427296, 0.002697629729236994, 0.00017992097362687858, 6e-06
8.5, 5.411798665655805, -1.4016895001779117e-06, 5.994816850835052e+21, 2.7852839925970386e-07, 0.988023157110248, 1432.882914528162, 2.7167107761175966e-08, 0.2021235395057783, 0.0013325998540620193, 5.151378403157, 0.202122151399832, 0.02696220632018815, 0.0026974798331765065, 0.00017991597482746794, 6e-06
9.0, 5.411797964869998, -1.4014537327119404e-06, 8.972901078827417e+22, 2.7848949819305044e-07, 0.9878593407511079, 1432.6453394668465, 2.7159604165243332e-08, 0.20210107897702168, 0.0013323048747807054, 5.151392266102477, 0.20209969110309103, 0.026959959210349077, 0.0026973299538082616, 0.00017991097644584985, 6e-06
9.5, 5.411797264202067, -1.4012180182806885e-06, 1.3430422908405883e+24, 2.784506047562394e-07, 0.9876955605949327, 1432.4078169089657, 2.7152103055495217e-08, 0.20207862219710981, 0.001332009977118332, 5.151406127528647, 0.20207723455514306, 0.02695771241315136, 0.002697180091129465, 0.00017990597848196592, 6e-06
10.0, 5.411796563651973, -1.400982356869215e-06, 2.010232752319936e+25, 2.7841171894673646e-07, 0.9875318166317252, 1432.1703468400217, 2.7144604430971113e-08, 0.20205616916520805, 0.0013317151610478025, 5.1514199874357445, 0.2020547817551534, 0.026955465928534074, 0.0026970302451373293, 0.00017990098093575798, 6e-06
10.5, 5.411795863219699, -1.4007467484625615e-06, 3.008866013289819e+26, 2.7837284074787197e-07, 0.987368108851491, 1431.93292924552, 2.7137108290710596e-08, 0.20203371988048102, 0.001331420426542026, 5.151433845824033, 0.2020323327022867, 0.02695321975643622, 0.0026968804158290596, 0.00017989598380716763, 6e-06
11.0, 5.411795162905217, -1.4005111930457832e-06, 4.503593678662244e+27, 2.783339701529239e-07, 0.9872044372442386, 1431.695564110971, 2.7129614633753765e-08, 0.20201127434209368, 0.0013311257735739226, 5.15144770269376, 0.20200988739570794, 0.026950973896796827, 0.0026967306032018635, 0.00017989098709613653, 6e-06
11.5, 5.4117944627085, -1.400275690603944e-06, 6.740861451579928e+28, 2.7829510721350025e-07, 0.9870408017999815, 1431.4582514218903, 2.7122123459141286e-08, 0.20198883254921124, 0.0013308312021164256, 5.1514615580451775, 0.20198744583458236, 0.026948728349554932, 0.002696580807252949, 0.00017988599080260637, 6e-06
12.0, 5.411793762629518, -1.4000402411221046e-06, 1.0089541918447457e+30, 2.782562518560515e-07, 0.986877202508735, 1431.2209911637988, 2.7114634765914045e-08, 0.20196639450099907, 0.0013305367121424756, 5.151475411878531, 0.20196500801807532, 0.026946483114649592, 0.002696431027979524, 0.00017988099492651882, 6e-06
12.5, 5.4117930626682496, -1.3998048445853437e-06, 1.5101752384193688e+31, 2.7821740413823e-07, 0.9867136393605178, 1430.983783322221, 2.7107148553113534e-08, 0.20194396019662367, 0.0013302423036250274, 5.151489264194076, 0.20194257394535337, 0.02694423819201995, 0.0026962812653788036, 0.00017987599946781571, 6e-06
13.0, 5.411792362824664, -1.3995695009787307e-06, 2.260388500448577e+32, 2.781785640166949e-07, 0.9865501123453527, 1430.7466278826873, 2.7099664819781528e-08, 0.20192152963525045, 0.0013299479765370424, 5.15150311499206, 0.2019201436155819, 0.026941993581605057, 0.0026961315194479938, 0.0001798710044264387, 6e-06
13.5, 5.41179166309874, -1.3993342102873476e-06, 3.383285764111363e+33, 2.7813973152050276e-07, 0.9863866214532651, 1430.5095248307318, 2.7092183564960283e-08, 0.2018991028160459, 0.001329653730851495, 5.151516964272739, 0.2018977170279274, 0.02693974928334403, 0.0026959817901843082, 0.0001798660098023295, 6e-06
14.0, 5.411790963490443, -1.3990989724962867e-06, 5.064004951118963e+34, 2.7810090660880624e-07, 0.9862231666742837, 1430.2724741518946, 2.7084704787692567e-08, 0.20187667973817686, 0.00132935956654137, 5.151530812036352, 0.20187529418155675, 0.02693750529717606, 0.00269583207758496, 0.00017986101559543002, 6e-06
14.5, 5.411790263999754, -1.3988637875906298e-06, 7.57965450285659e+35, 2.7806208932706054e-07, 0.9860597479984413, 1430.0354758317196, 2.707722848702134e-08, 0.20185426040080928, 0.0013290654835796608, 5.151544658283162, 0.20185287507563593, 0.026935261623040194, 0.002695682381647158, 0.00017985602180568182, 6e-06
15.0, 5.411789564626644, -1.3986286555554752e-06, 1.134500120914973e+37, 2.78023279633551e-07, 0.9858963654157731, 1429.7985298557553, 2.7069754661990174e-08, 0.20183184480311042, 0.0013287714819393724, 5.151558503013412, 0.2018304597093322, 0.02693301826087564, 0.0026955327023681164, 0.00017985102843302676, 6e-06
15.5, 5.411788865371084, -1.3983935763759274e-06, 1.6980854125824685e+38, 2.7798447755194027e-07, 0.9857330189163179, 1429.5616362095561, 2.7062283311643027e-08, 0.20180943294424764, 0.0013284775615935208, 5.1515723462273515, 0.2018080480818129, 0.026930775210621573, 0.00269538303974505, 0.00017984603547740663, 6e-06
16.0, 5.411788166233054, -1.3981585500370903e-06, 2.541641915525184e+39, 2.779456830603546e-07, 0.985569708490118, 1429.3247948786802, 2.705481443502424e-08, 0.20178702482338842, 0.0013281837225151327, 5.151586187925237, 0.2017856401922456, 0.026928532472217204, 0.0026952333937751744, 0.00017984104293876325, 6e-06
16.5, 5.411787467212523, -1.397923576524075e-06, 3.8042499636130104e+40, 2.7790689617463696e-07, 0.9854064341272188, 1429.0880058486914, 2.7047348031178604e-08, 0.20176462043970014, 0.0013278899646772427, 5.151600028107317, 0.20176323603979762, 0.026926290045601705, 0.0026950837644557015, 0.0001798360508170384, 6e-06
17.0, 5.411786768309469, -1.3976886558219955e-06, 5.694080129886914e+41, 2.778681168858968e-07, 0.9852431958176688, 1428.851269105158, 2.7039884099151293e-08, 0.20174221979235069, 0.001327596288052898, 5.1516138667738405, 0.2017408356236369, 0.026924047930714297, 0.002694934151783848, 0.00017983105911217388, 6e-06
17.5, 5.41178606952386, -1.3974537879159765e-06, 8.522714729037781e+42, 2.778293451916134e-07, 0.9850799935515206, 1428.6145846336524, 2.7032422637987974e-08, 0.20171982288050824, 0.001327302692615157, 5.1516277039250555, 0.20171843894293165, 0.02692180612749423, 0.0026947845557568307, 0.00017982606782411157, 6e-06
18.0, 5.411785370855671, -1.3972189727911446e-06, 1.2756518932331416e+44, 2.777905810958796e-07, 0.9849168273188291, 1428.3779524197523, 2.702496364673472e-08, 0.2016974297033412, 0.0013270091783370865, 5.151641539561212, 0.20169604599685023, 0.026919564635880754, 0.002694634976371866, 0.00017982107695279327, 6e-06
18.5, 5.411784672304873, -1.396984210432629e-06, 1.9093531064887126e+45, 2.7775182458838197e-07, 0.9847536971096528, 1428.1413724490392, 2.7017507124437963e-08, 0.2016750402600179, 0.001326715745191764, 5.15165537368256, 0.20167365678456103, 0.02691732345581312, 0.002694485413626171, 0.0001798160864981608, 6e-06
19.0, 5.411783973871444, -1.3967495008255665e-06, 2.857854898764656e+46, 2.77713075665258e-07, 0.9845906029140538, 1427.9048447071032, 2.7010053070144597e-08, 0.2016526545497073, 0.0013264223931522786, 5.15166920628935, 0.201651271305233, 0.026915082587230615, 0.0026943358675169636, 0.0001798110964601561, 6e-06
19.5, 5.411783275555364, -1.3965148439550951e-06, 4.277538682112669e+47, 2.7767433432562675e-07, 0.9844275447220974, 1427.6683691795338, 2.7002601482901856e-08, 0.20163027257157853, 0.0013261291221917297, 5.151683037381841, 0.20162888955803532, 0.026912842030072555, 0.0026941863380414636, 0.00017980610683872105, 6e-06
20.0, 5.41178257735659, -1.3962802398063706e-06, 6.402470187533532e+48, 2.7763560058908523e-07, 0.9842645225238518, 1427.4319458519283, 2.6995152361757644e-08, 0.20160789432480072, 0.001325835932283226, 5.151696866960264, 0.2016065115421371, 0.026910601784278232, 0.0026940368251968895, 0.00017980111763379747, 6e-06
20.5, 5.411781879275105, -1.3960456883645327e-06, 9.58298994851861e+49, 2.775968744052451e-07, 0.9841015363093891, 1427.1955747098893, 2.6987705705759937e-08, 0.20158551980854314, 0.0013255428233998866, 5.15171069502488, 0.20158413725670762, 0.02690836184978695, 0.00269388732898046, 0.00017979612884532725, 6e-06
21.0, 5.411781181310883, -1.3958111896147489e-06, 1.4343473943103004e+51, 2.7755815583781684e-07, 0.9839385860687841, 1426.959255739022, 2.698026151395744e-08, 0.20156314902197592, 0.0013252497955148425, 5.151724521575939, 0.20156176670091705, 0.026906122226538102, 0.0026937378493893972, 0.00017979114047325236, 6e-06
21.5, 5.4117804834638985, -1.3955767435421725e-06, 2.146878730738069e+52, 2.7751944482857875e-07, 0.9837756717921151, 1426.7229889249375, 2.6972819785399026e-08, 0.20154078196426886, 0.001324956848601234, 5.151738346613689, 0.2015393998739352, 0.026903882914471017, 0.0026935883864209224, 0.00017978615251751473, 6e-06
22.0, 5.411779785734127, -1.3953423501319712e-06, 3.2133684593386657e+53, 2.774807413986999e-07, 0.9836127934694637, 1426.4867742532522, 2.6965380519134138e-08, 0.20151841863459213, 0.0013246639826322117, 5.151752170138383, 0.20151703677493227, 0.026901643913525074, 0.002693438940072257, 0.00017978116497805626, 6e-06
22.5, 5.4117790881215395, -1.3951080093693154e-06, 4.8096490528765223e+54, 2.77442045558426e-07, 0.9834499510909152, 1426.2506117095866, 2.695794371421256e-08, 0.2014960590321157, 0.0013243711975809357, 5.151765992150268, 0.2014946774030782, 0.026899405223639615, 0.0026932895103406198, 0.0001797761778548188, 6e-06
23.0, 5.411778390626109, -1.3948737212393906e-06, 7.198899297541386e+55, 2.774033572828068e-07, 0.983287144646557, 1426.0145012795667, 2.695050936968467e-08, 0.20147370315601143, 0.0013240784934205813, 5.151779812649593, 0.20147232175754487, 0.02689716684475416, 0.0026931400972232426, 0.00017977119114774456, 6e-06
23.5, 5.411777693247808, -1.3946394857273696e-06, 1.0775034198255417e+57, 2.773646765742683e-07, 0.9831243741264813, 1425.778442948821, 2.6943077484601035e-08, 0.20145135100544925, 0.0013237858701243281, 5.151793631636605, 0.20144996983750227, 0.026894928776808033, 0.0026929907007173424, 0.00017976620485677533, 6e-06
24.0, 5.411776995986613, -1.3944053028184408e-06, 1.6127649061346105e+58, 2.773260034313196e-07, 0.9829616395207824, 1425.5424367029855, 2.693564805801273e-08, 0.2014290025796003, 0.0013234933276653677, 5.151807449111557, 0.20142762164212152, 0.026892691019740674, 0.0026928413208201435, 0.00017976121898185304, 6e-06
24.5, 5.411776298842501, -1.394171172497795e-06, 2.413922487853746e+59, 2.772873378692074e-07, 0.982798940819559, 1425.306482527699, 2.692822108897126e-08, 0.20140665787763606, 0.0013232008660169047, 5.151821265074702, 0.2014052771705741, 0.026890453573491548, 0.002692691957528872, 0.00017975623352291977, 6e-06
25.0, 5.411775601815437, -1.3939370947506315e-06, 3.613062092612834e+60, 2.7724867987169574e-07, 0.9826362780129113, 1425.070580408607, 2.692079657652859e-08, 0.20138431689872816, 0.0013229084851521505, 5.151835079526279, 0.2013829364220317, 0.026888216438000115, 0.0026925426108407534, 0.00017975124847991752, 6e-06
25.5, 5.411774904905401, -1.3937030695621528e-06, 5.407884139668052e+61, 2.7721002944276903e-07, 0.9824736510909442, 1424.8347303313574, 2.6913374519737058e-08, 0.20136197964204847, 0.00132261618504433, 5.151848892466544, 0.20136059939566617, 0.02688597961320587, 0.002692393280753015, 0.00017974626385278827, 6e-06
26.0, 5.4117742081123605, -1.393469096917563e-06, 8.094297836549458e+62, 2.771713865720596e-07, 0.9823110600437662, 1424.5989322816054, 2.6905954917649377e-08, 0.2013396461067687, 0.0013223239656666762, 5.151862703895742, 0.20133826609064923, 0.026883743099048268, 0.0026922439672628804, 0.00017974127964147404, 6e-06
26.5, 5.411773511436294, -1.3932351768020762e-06, 1.2115206789436013e+64, 2.771327512487797e-07, 0.9821485048614876, 1424.363186245008, 2.689853776931878e-08, 0.20131731629206182, 0.0013220318269924346, 5.151876513814124, 0.2013159365061539, 0.026881506895466888, 0.002692094670367582, 0.00017973629584591697, 6e-06
27.0, 5.411772814877176, -1.3930013092009095e-06, 1.8133528985086768e+65, 2.77094123503314e-07, 0.9819859855342234, 1424.1274922072298, 2.689112307379882e-08, 0.2012949901970998, 0.0013217397689948595, 5.151890322221941, 0.20129361064135212, 0.02687927100240121, 0.002691945390064345, 0.000179731312466059, 6e-06
27.5, 5.411772118434975, -1.3927674940992838e-06, 2.7141489589806142e+66, 2.770555032997077e-07, 0.9818235020520907, 1423.8918501539385, 2.6883710830143532e-08, 0.2012726678210554, 0.0013214477916472143, 5.151904129119436, 0.20127128849541673, 0.026877035419790776, 0.002691796126350397, 0.00017972632950184224, 6e-06
28.0, 5.411771422109673, -1.3925337314824218e-06, 4.062420510051076e+67, 2.770168906569614e-07, 0.981661054405211, 1423.656260070807, 2.6876301037407263e-08, 0.2012503491631016, 0.0013211558949227761, 5.1519179345068675, 0.20124897006752065, 0.02687480014757514, 0.002691646879222968, 0.0001797213469532087, 6e-06
28.5, 5.411770725901237, -1.3923000213355586e-06, 6.080452806856889e+68, 2.7697828555555955e-07, 0.9814986425837079, 1423.420721943513, 2.68688936946449e-08, 0.20122803422241162, 0.0013208640787948289, 5.151931738384476, 0.20122665535683712, 0.026872565185693868, 0.0026914976486792884, 0.00017971636482010052, 6e-06
29.0, 5.4117700298096425, -1.3920663636439308e-06, 9.100951853098032e+69, 2.7693968803445203e-07, 0.9813362665777091, 1423.185235757738, 2.6861488800911697e-08, 0.20120572299815853, 0.0013205723432366681, 5.151945540752513, 0.20120434436253928, 0.026870330534086523, 0.0026913484347165853, 0.00017971138310245966, 6e-06
29.5, 5.411769333834863, -1.391832758392782e-06, 1.36218960070377e+71, 2.7690109804531056e-07, 0.9811739263773452, 1422.9498014991696, 2.6854086355263377e-08, 0.20118341548951668, 0.0013202806882216024, 5.151959341611227, 0.20118203708380147, 0.026868096192692772, 0.002691199237332096, 0.00017970640180022844, 6e-06
30.0, 5.411768637976875, -1.391599205567355e-06, 2.0388635086079693e+72, 2.7686251558458436e-07, 0.9810116219727503, 1422.7144191535003, 2.684668635675594e-08, 0.20116111169565956, 0.0013199891137229466, 5.151973140960868, 0.20115973351979718, 0.02686586216145219, 0.002691050056523048, 0.00017970142091334887, 6e-06
30.5, 5.41176794223565, -1.3913657051529048e-06, 3.0516772103960274e+73, 2.768239406967664e-07, 0.9808493533540616, 1422.479088706425, 2.683928880444594e-08, 0.20113881161576128, 0.001319697619714028, 5.1519869388016835, 0.20113743366970052, 0.026863628440304405, 0.0026909008922866738, 0.00017969644044176303, 6e-06
31.0, 5.411767246611163, -1.3911322571346875e-06, 4.567608630091787e+74, 2.7678537333569676e-07, 0.9806871205114194, 1422.2438101436458, 2.6831893697390304e-08, 0.20111651524899635, 0.0013194062061681843, 5.152000735133923, 0.20111513753268606, 0.02686139502918909, 0.002690751744620209, 0.00017969146038541317, 6e-06
31.5, 5.411766551103383, -1.390898861497966e-06, 6.836581952934752e+75, 2.7674681352415724e-07, 0.9805249234349677, 1422.008583450869, 2.6824501034646384e-08, 0.20109422259453905, 0.0013191148730587617, 5.152014529957831, 0.20109284510792808, 0.026859161928045872, 0.002690602613520884, 0.00017968648074424132, 6e-06
32.0, 5.411765855712286, -1.390665518228006e-06, 1.0232671039509264e+77, 2.7670826126710807e-07, 0.9803627621148531, 1421.7734086138048, 2.6817110815271925e-08, 0.20107193365156428, 0.0013188236203591182, 5.152028323273657, 0.20107055639460147, 0.026856929136814433, 0.002690453498985934, 0.0001796815015181897, 6e-06
32.5, 5.411765160437851, -1.3904322273100752e-06, 1.531577050123241e+78, 2.7666971652389166e-07, 0.9802006365412266, 1421.5382856181682, 2.680972303832501e-08, 0.20104964841924725, 0.0013185324480426233, 5.152042115081655, 0.20104827139188144, 0.026854696655434482, 0.0026903044010125944, 0.00017967652270720047, 6e-06
33.0, 5.411764465280046, -1.3901989887294571e-06, 2.2923901649084426e+79, 2.7663117931941755e-07, 0.9800385467042411, 1421.3032144496804, 2.6802337702864335e-08, 0.20102736689676318, 0.0013182413560826544, 5.152055905382068, 0.20102599009894329, 0.026852464483845734, 0.0026901553195981007, 0.00017967154431121587, 6e-06
33.5, 5.411763770238854, -1.3899658024714275e-06, 3.4311371024928285e+80, 2.7659264967463796e-07, 0.9798764925940532, 1421.0681950940648, 2.6794954807948797e-08, 0.20100508908328737, 0.0013179503444525993, 5.152069694175151, 0.2010037125149623, 0.02685023262198788, 0.002690006254739688, 0.00017966656633017802, 6e-06
34.0, 5.411763075314232, -1.3897326685212778e-06, 5.13555585166617e+81, 2.765541275128456e-07, 0.9797144742008234, 1420.8332275370522, 2.678757435263789e-08, 0.20098281497799578, 0.0013176594131258583, 5.152083481461139, 0.20098143863911444, 0.026848001069800686, 0.002689857206434594, 0.00017966158876402916, 6e-06
34.5, 5.411762380506171, -1.3894995868642963e-06, 7.68664263645324e+82, 2.765156129095551e-07, 0.9795524915147148, 1420.5983117643757, 2.678019633599138e-08, 0.2009605445800642, 0.0013173685620758403, 5.152097267240295, 0.20095916847057552, 0.026845769827223892, 0.002689708174680056, 0.00017965661161271153, 6e-06
35.0, 5.411761685814635, -1.3892665574857792e-06, 1.1504977495172834e+84, 2.7647710582538287e-07, 0.9793905445258938, 1420.3634477617754, 2.6772820757069495e-08, 0.2009382778886687, 0.0013170777912759636, 5.1521110515128585, 0.20093690200852157, 0.026843538894197244, 0.0026895591594733098, 0.00017965163487616728, 6e-06
35.5, 5.411760991239599, -1.3890335803710282e-06, 1.722006179525154e+85, 2.7643860628985984e-07, 0.9792286332245304, 1420.1286355149946, 2.6765447614932925e-08, 0.20091601490298536, 0.0013167871006996576, 5.1521248342790775, 0.2009146392521288, 0.026841308270660502, 0.002689410160811593, 0.00017964665855433858, 6e-06
36.0, 5.411760296781035, -1.3888006555053505e-06, 2.5774098680048535e+86, 2.7640011426604183e-07, 0.9790667576007976, 1419.8938750097818, 2.6758076908642717e-08, 0.2008937556221912, 0.0013164964903203636, 5.1521386155392, 0.20089238020057415, 0.026839077956553492, 0.002689261178692146, 0.00017964168264716782, 6e-06
36.5, 5.411759602438932, -1.388567782874056e-06, 3.8577325682662498e+87, 2.763616297686333e-07, 0.9789049176448716, 1419.6591662318895, 2.6750708637260297e-08, 0.2008715000454634, 0.0013162059601115324, 5.152152395293486, 0.20087012485303485, 0.026836847951816067, 0.002689112213112211, 0.00017963670715459728, 6e-06
37.0, 5.411758908213246, -1.3883349624624653e-06, 5.774050758260553e+88, 2.7632315277725133e-07, 0.9787431133469315, 1419.424509167076, 2.674334279984764e-08, 0.20084924817197883, 0.0013159155100466236, 5.152166173542168, 0.20084787320868777, 0.02683461825638803, 0.002688963264069028, 0.00017963173207656918, 6e-06
37.5, 5.4117582141039575, -1.3881021942559018e-06, 8.642291812293392e+89, 2.7628468331601934e-07, 0.9785813446971605, 1419.1899038011038, 2.6735979395467092e-08, 0.20082700000091505, 0.0013156251400991094, 5.1521799502855, 0.2008256252667105, 0.026832388870209244, 0.002688814331559838, 0.0001796267574130259, 6e-06
38.0, 5.411757520111039, -1.387869478239684e-06, 1.293531785222874e+91, 2.762462213810207e-07, 0.9784196116857448, 1418.9553501197397, 2.6728618423181255e-08, 0.20080475553144886, 0.001315334850242468, 5.152193725523729, 0.20080338102627984, 0.026830159793219493, 0.002688665415581878, 0.00017962178316390954, 6e-06
38.5, 5.411756826234467, -1.387636814399144e-06, 1.9360881757303852e+92, 2.7620776694002743e-07, 0.9782579143028729, 1418.7208481087562, 2.6721259882053254e-08, 0.2007825147627584, 0.0013150446404501916, 5.152207499257103, 0.20078114048657394, 0.026827931025358687, 0.0026885165161323935, 0.0001796168093291625, 6e-06
39.0, 5.411756132474214, -1.3874042027196225e-06, 2.8978307041376433e+93, 2.761693200088283e-07, 0.9780962525387382, 1418.4863977539296, 2.67139037711467e-08, 0.200760277694022, 0.001314754510695784, 5.15222127148587, 0.20075890364677115, 0.02682570256656674, 0.0026883676332086284, 0.00017961183590872718, 6e-06
39.5, 5.411755438830253, -1.3871716431864603e-06, 4.3373127230544056e+94, 2.7613088060298157e-07, 0.9779346263835355, 1418.251999041041, 2.670655008952553e-08, 0.20073804432441747, 0.0013144644609527534, 5.152235042210276, 0.20073667050604932, 0.026823474416783524, 0.0026882187668078234, 0.0001796068629025458, 6e-06
40.0, 5.411754745302555, -1.3869391357850037e-06, 6.49184754221461e+95, 2.760924487027141e-07, 0.9777730358274641, 1418.017651955876, 2.6699198836254135e-08, 0.2007158146531234, 0.0013141744911946238, 5.1522488114305665, 0.20071444106358705, 0.026821246575948966, 0.002688069916927224, 0.00017960189031056073, 6e-06
40.5, 5.411754051891102, -1.3867066805006019e-06, 9.716631608399627e+96, 2.7605402432603725e-07, 0.9776114808607262, 1417.7833564842272, 2.6691850010397227e-08, 0.20069358867931858, 0.0013138846013949269, 5.152262579146997, 0.20069221531856307, 0.026819019044003, 0.002687921083564075, 0.00017959691813271435, 6e-06
41.0, 5.411753358595868, -1.3864742773186089e-06, 1.4543301652222167e+98, 2.76015607445358e-07, 0.9774499614735275, 1417.5491126118873, 2.6684503611019996e-08, 0.20067136640218178, 0.0013135947915272053, 5.152276345359814, 0.20066999327015628, 0.026816791820885567, 0.002687772266715621, 0.000179591946368949, 6e-06
41.5, 5.411752665416817, -1.3862419262243924e-06, 2.1767579359629549e+99, 2.759771980500106e-07, 0.9772884776560762, 1417.3149203246583, 2.667715963718811e-08, 0.2006491478208925, 0.0013133050615650118, 5.152290110069257, 0.2006477749175461, 0.02681456490653666, 0.0026876234663791095, 0.0001795869750192071, 6e-06
42.0, 5.411751972353929, -1.3860096272033112e-06, 3.2580452384128248e+100, 2.75938796163617e-07, 0.9771270293985842, 1417.0807796083452, 2.6669818087967523e-08, 0.2006269329346295, 0.0013130154114819076, 5.152303873275576, 0.20062556025991132, 0.026812338300896195, 0.0026874746825517833, 0.00017958200408343093, 6e-06
42.5, 5.411751279407175, -1.3857773802407418e-06, 4.8764517737843267e+101, 2.75900401781461e-07, 0.976965616691267, 1416.8466904487557, 2.6662478962424693e-08, 0.2006047217425727, 0.0013127258412514672, 5.15231763497902, 0.20060334929643195, 0.026810112003904207, 0.002687325915230892, 0.00017957703356156294, 6e-06
43.0, 5.411750586576535, -1.3855451853220561e-06, 7.298785598286019e+102, 2.758620149088416e-07, 0.9768042395243431, 1416.6126528317059, 2.665514225962641e-08, 0.20058251424390197, 0.001312436350847274, 5.1523313951798375, 0.20058114202628777, 0.026807886015500687, 0.0026871771644136826, 0.00017957206345354555, 6e-06
43.5, 5.411749893861979, -1.3853130424326375e-06, 1.0924388311526601e+104, 2.758236355229364e-07, 0.976642897888033, 1416.378666743013, 2.664780797863995e-08, 0.20056031043779723, 0.0013121469402429195, 5.152345153878274, 0.2005589384486588, 0.026805660335625665, 0.0026870284300974036, 0.00017956709375932119, 6e-06
44.0, 5.411749201263481, -1.3850809515578708e-06, 1.6350969219123723e+105, 2.7578526361068066e-07, 0.9764815917725628, 1416.1447321685012, 2.664047611853295e-08, 0.2005381103234391, 0.00131185760941201, 5.152358911074577, 0.2005367385627256, 0.026803434964219205, 0.0026868797122793055, 0.0001795621244788323, 6e-06
44.5, 5.411748508781016, -1.3848489126831548e-06, 2.4473141581511786e+106, 2.7574689922808707e-07, 0.9763203211681595, 1415.9108490939982, 2.6633146678373584e-08, 0.20051591390000834, 0.0013115683583281592, 5.1523726667689935, 0.200514542367669, 0.026801209901221378, 0.002686731010956639, 0.0001795571556120214, 6e-06
45.0, 5.4117478164145565, -1.3846169257938705e-06, 3.662990514565084e+107, 2.757085423162563e-07, 0.9761590860650551, 1415.6770175053375, 2.662581965723014e-08, 0.20049372116668465, 0.0013112791869649878, 5.15238642096177, 0.20049234986266867, 0.026798985146572155, 0.002686582326126648, 0.00017955218715883073, 6e-06
45.5, 5.411747124164077, -1.3843849908754257e-06, 5.482538815523689e+108, 2.756701928920477e-07, 0.9759978864534837, 1415.443237388356, 2.6618495054171568e-08, 0.20047153212264957, 0.0013109900952961325, 5.152400173653154, 0.2004701610469062, 0.026796760700211673, 0.0026864336577865876, 0.00017954721911920288, 6e-06
46.0, 5.4117464320295525, -1.3841531079132297e-06, 8.20592391447628e+109, 2.756318509719276e-07, 0.9758367223236828, 1415.209508728897, 2.661117286826724e-08, 0.20044934676708448, 0.0013107010832952369, 5.152413924843392, 0.200447975919563, 0.02679453656208005, 0.0026862850059337093, 0.00017954225149308036, 6e-06
46.5, 5.411745740010958, -1.3839212768926816e-06, 1.2282113498430664e+111, 2.7559351650252616e-07, 0.9756755936658935, 1414.9758315128058, 2.660385309858669e-08, 0.20042716509917038, 0.0013104121509359549, 5.152427674532733, 0.20042579447982004, 0.026792312732117348, 0.0026861363705652625, 0.00017953728428040554, 6e-06
47.0, 5.411745048108262, -1.3836894977992102e-06, 1.838309267496941e+112, 2.755551895374978e-07, 0.9755145004703605, 1414.7422057259355, 2.659653574420022e-08, 0.2004049871180893, 0.0013101232981919525, 5.152441422721418, 0.20040361672685936, 0.02679008921026374, 0.0026859877516785024, 0.00017953231748112102, 6e-06
47.5, 5.411744356321445, -1.383457770618233e-06, 2.7514643913182684e+113, 2.755168700398577e-07, 0.9753534427273306, 1414.508631354141, 2.6589220804178303e-08, 0.20038281282302345, 0.0013098345250369058, 5.1524551694097, 0.20038144265986324, 0.026787865996459406, 0.002685839149270685, 0.0001795273510951694, 6e-06
48.0, 5.411743664650481, -1.3832260953351706e-06, 4.118215477931056e+114, 2.7547855803821525e-07, 0.9751924204270543, 1414.2751083832839, 2.6581908277591795e-08, 0.2003606422131544, 0.001309545831444497, 5.152468914597827, 0.2003592722780132, 0.02678564309064444, 0.0026856905633390596, 0.00017952238512249305, 6e-06
48.5, 5.411742973095338, -1.3829944719354554e-06, 6.1638787374956215e+115, 2.7544025350161646e-07, 0.9750314335597856, 1414.0416367992298, 2.657459816351208e-08, 0.20033847528766446, 0.001309257217388422, 5.152482658286037, 0.20033710558049161, 0.026783420492759023, 0.0026855419938808813, 0.00017951741956303454, 6e-06
49.0, 5.411742281655995, -1.3827629004045226e-06, 9.225692089112749e+116, 2.7540195644033415e-07, 0.9748704821157813, 1413.8082165878482, 2.656729046101089e-08, 0.2003163120457364, 0.0013089686828423861, 5.1524964004745835, 0.20031494256648125, 0.026781198202743352, 0.002685393440893406, 0.00017951245441673642, 6e-06
49.5, 5.411741590332422, -1.3825313807278133e-06, 1.380841004968415e+118, 2.753636668641939e-07, 0.9747095660853018, 1413.5748477350141, 2.65599851691604e-08, 0.20029415248655283, 0.0013086802277801047, 5.1525101411637095, 0.2002927832351647, 0.026778976220537622, 0.002685244904373888, 0.00017950748968354122, 6e-06
50.0, 5.411740899124604, -1.3822999128907695e-06, 2.0667514194496276e+119, 2.7532538476513196e-07, 0.9745486854586105, 1413.3415302266083, 2.655268228703312e-08, 0.20027199660929712, 0.0013083918521753035, 5.15252388035367, 0.20027062758572536, 0.02677675454608208, 0.002685096384319586, 0.00017950252536339157, 6e-06
50.5, 5.411740208032508, -1.3820684968788394e-06, 3.09337565910957e+120, 2.752871101070444e-07, 0.9743878402259739, 1413.1082640485133, 2.6545381813702002e-08, 0.20024984441315216, 0.0013081035560017183, 5.152537618044706, 0.20024847561734618, 0.026774533179316922, 0.002684947880727755, 0.00017949756145622998, 6e-06
51.0, 5.411739517056102, -1.381837132677485e-06, 4.629956739105786e+121, 2.752488429260487e-07, 0.9742270303776621, 1412.875049186619, 2.653808374824052e-08, 0.2002276958973016, 0.001307815339233095, 5.152551354237057, 0.2002263273292108, 0.026772312120182423, 0.0026847993935956538, 0.0001794925979619991, 6e-06
51.5, 5.411738826195365, -1.3816058202721576e-06, 6.929805611661266e+122, 2.7521058323721527e-07, 0.9740662559039479, 1412.6418856268187, 2.6530788089722368e-08, 0.20020555106092838, 0.0013075272018431866, 5.152565088930976, 0.20020418272050217, 0.02677009136861876, 0.0026846509229205345, 0.00017948763488064134, 6e-06
52.0, 5.411738135450273, -1.3813745596483245e-06, 1.037206002917981e+124, 2.7517233100288164e-07, 0.9739055167951081, 1412.4087733550105, 2.652349483722174e-08, 0.20018340990321715, 0.0013072391438057622, 5.152578822126709, 0.2001820417904049, 0.02676787092456628, 0.0026845024686996616, 0.00017948267221209945, 6e-06
52.5, 5.411737444820799, -1.3811433507914573e-06, 1.5524186121546327e+125, 2.751340862128021e-07, 0.9737448130414216, 1412.175712357097, 2.6516203989813274e-08, 0.20016127242335208, 0.001306951165094598, 5.152592553824503, 0.20015990453810328, 0.026765650787965296, 0.0026843540309302943, 0.0001794777099563161, 6e-06
53.0, 5.411736754306913, -1.3809121936870302e-06, 2.323552610135029e+126, 2.750958488805834e-07, 0.973584144633171, 1411.942702618985, 2.6508915546571956e-08, 0.20013913862051744, 0.0013066632656834785, 5.152606284024598, 0.2001377709627815, 0.026763430958756083, 0.002684205609609691, 0.0001794727481132339, 6e-06
53.5, 5.41173606390859, -1.3806810883205255e-06, 3.477731345253068e+127, 2.750576190262968e-07, 0.9734235115606426, 1411.7097441265878, 2.650162950657328e-08, 0.20011700849389777, 0.001306375445546202, 5.152620012727242, 0.2001156410636242, 0.026761211436878974, 0.002684057204735114, 0.00017946778668279543, 6e-06
54.0, 5.41173537362581, -1.380450034677422e-06, 5.2052237090802636e+128, 2.7501939662095346e-07, 0.9732629138141252, 1411.4768368658215, 2.6494345868892945e-08, 0.20009488204267803, 0.0013060877046565736, 5.152633739932687, 0.2000935148398163, 0.02675899222227431, 0.0026839088163038228, 0.00017946282566494342, 6e-06
54.5, 5.411734683458543, -1.3802190327432106e-06, 7.790810106454032e+129, 2.7498118165945765e-07, 0.9731023513839112, 1411.2439808226072, 2.648706463260721e-08, 0.20007275926604326, 0.0013058000429884108, 5.152647465641176, 0.20007139229054283, 0.02675677331488244, 0.00268376044431308, 0.0001794578650596205, 6e-06
55.0, 5.41173399340677, -1.379988082503385e-06, 1.1660728638396044e+131, 2.749429741639813e-07, 0.9729418242602962, 1411.0111759828715, 2.6479785796792677e-08, 0.2000506401631788, 0.0013055124605155402, 5.152661189852959, 0.2000492734149892, 0.026754554714643743, 0.0026836120887601496, 0.0001794529048667694, 6e-06
55.5, 5.411733303470451, -1.3797571839434491e-06, 1.7452940530703436e+132, 2.7490477411460214e-07, 0.972781332433579, 1410.7784223325455, 2.6472509360526492e-08, 0.20002852473327007, 0.0013052249572117986, 5.15267491256827, 0.2000271582123408, 0.026752336421498588, 0.002683463749642292, 0.00017944794508633277, 6e-06
56.0, 5.41173261364957, -1.3795263370488999e-06, 2.61222979761343e+133, 2.748665815187877e-07, 0.9726208758940612, 1410.5457198575625, 2.6465235322885986e-08, 0.20000641297550256, 0.0013049375330510316, 5.152688633787363, 0.20000504668178318, 0.026750118435387354, 0.00268331542695677, 0.00017944298571825326, 6e-06
56.5, 5.411731923944101, -1.3792955418052483e-06, 3.90979511472137e+134, 2.74828396366116e-07, 0.9724604546320478, 1410.3130685438641, 2.6457963682949023e-08, 0.19998430488906252, 0.0013046501880070972, 5.152702353510486, 0.19998293882250257, 0.026747900756250474, 0.0026831671207008505, 0.00017943802676247364, 6e-06
57.0, 5.411731234354015, -1.3790647981980073e-06, 5.851894263884524e+135, 2.747902186665753e-07, 0.9723000686378473, 1410.0804683773945, 2.6450694439793834e-08, 0.19996220047313587, 0.0013043629220538617, 5.1527160717378795, 0.1999608346336849, 0.02674568338402835, 0.0026830188308717955, 0.00017943306821893658, 6e-06
57.5, 5.4117305448792905, -1.3788341062126973e-06, 8.758682658792647e+136, 2.7475204840188326e-07, 0.9721397179017711, 1409.8479193441033, 2.6443427592499127e-08, 0.19994009972690946, 0.0013040757351652033, 5.152729788469793, 0.19993873411451704, 0.02674346631866147, 0.002682870557466874, 0.0001794281100875849, 6e-06
58.0, 5.4117298555199, -1.3786034658348371e-06, 1.3109344088804796e+138, 2.7471388556731e-07, 0.9719794024141339, 1409.6154214299431, 2.6436163140143873e-08, 0.19991800264956944, 0.0013037886273150076, 5.152743503706473, 0.19991663726418518, 0.02674124956009024, 0.002682722300483348, 0.00017942315236836126, 6e-06
58.5, 5.411729166275811, -1.3783728770499622e-06, 1.9621083433540894e+139, 2.7467573017490377e-07, 0.9718191221652536, 1409.3829746208728, 2.6428901081807653e-08, 0.19989590924030304, 0.0013035015984771733, 5.152757217448157, 0.19989454408187654, 0.02673903310825517, 0.0026825740599184873, 0.00017941819506120846, 6e-06
59.0, 5.4117284771470064, -1.378142339843601e-06, 2.9367356585538065e+140, 2.7463758225717704e-07, 0.9716588771454507, 1409.1505789028565, 2.642164141657026e-08, 0.1998738194982969, 0.0013032146486256053, 5.152770929695098, 0.19987245456677777, 0.026736816963096693, 0.002682425835769556, 0.0001794132381660692, 6e-06
59.5, 5.4117277881334545, -1.377911854201287e-06, 4.395482739973339e+141, 2.745994417455269e-07, 0.9714986673450502, 1408.9182342618612, 2.6414384143511933e-08, 0.19985173342273826, 0.0013029277777342214, 5.152784640447537, 0.19985036871807613, 0.026734601124555314, 0.002682277628033821, 0.00017940828168288623, 6e-06
60.0, 5.411727099235139, -1.3776814201085713e-06, 6.578822239769942e+142, 2.7456130867140884e-07, 0.9713384927543791, 1408.6859406838591, 2.6407129261713395e-08, 0.1998296510128155, 0.0013026409857769517, 5.152798349705729, 0.19982828653496001, 0.026732385592571628, 0.002682129436708557, 0.00017940332561160256, 6e-06
60.5, 5.411726410452028, -1.3774510375509967e-06, 9.846674351353816e+143, 2.7452318302090435e-07, 0.9711783533637685, 1408.4536981548272, 2.6399876770255702e-08, 0.19980757226771587, 0.0013023542727277318, 5.1528120574699114, 0.1998062080166167, 0.026730170367086116, 0.002681981261791029, 0.0001793983699521608, 6e-06
61.0, 5.411725721784086, -1.3772207065141262e-06, 1.473773858962717e+145, 2.7448506480383904e-07, 0.9710182491635514, 1408.2215066607473, 2.6392626668220487e-08, 0.1997854971866277, 0.0013020676385605105, 5.1528257637403225, 0.1997841331622345, 0.02672795544803935, 0.00268183310327851, 0.0001793934147045039, 6e-06
61.5, 5.411725033231303, -1.3769904269835062e-06, 2.205829666055314e+146, 2.744469540227201e-07, 0.9708581801440651, 1407.989366187605, 2.6385378954689454e-08, 0.19976342576873876, 0.0013017810832492427, 5.152839468517221, 0.19976206197100124, 0.02672574083537186, 0.0026816849611682662, 0.0001793884598685746, 6e-06
62.0, 5.411724344793645, -1.3767601989446998e-06, 3.301512515822085e+147, 2.7440885066567556e-07, 0.9706981462956499, 1407.7572767213917, 2.6378133628744923e-08, 0.19974135801323742, 0.0013014946067678968, 5.152853171800844, 0.1997399944421053, 0.026723526529024204, 0.0026815368354575686, 0.00017938350544431566, 6e-06
62.5, 5.411723656471091, -1.3765300223832779e-06, 4.941442808872445e+148, 2.7437075474113506e-07, 0.9705381476086494, 1407.5252382481026, 2.6370890689469615e-08, 0.19971929391931278, 0.0013012082090904519, 5.152866873591443, 0.19971793057473575, 0.026721312528937016, 0.0026813887261436914, 0.00017937855143167005, 6e-06
63.0, 5.411722968263613, -1.3762998972848072e-06, 7.395958220483616e+149, 2.7433266621907976e-07, 0.9703781840734098, 1407.2932507537373, 2.6363650135946572e-08, 0.19969723348615334, 0.0013009218901908935, 5.15288057388926, 0.19969587036808112, 0.026719098835050862, 0.0026812406332239035, 0.00017937359783058054, 6e-06
63.5, 5.411722280171183, -1.3760698236348723e-06, 1.1069677682452591e+151, 2.7429458513482754e-07, 0.9702182556802806, 1407.0613142243012, 2.6356411967259388e-08, 0.19967517671294838, 0.0013006356500432203, 5.152894272694538, 0.19967381382133073, 0.02671688544730639, 0.0026810925566954804, 0.00017936864464099004, 6e-06
64.0, 5.411721592193779, -1.3758398014190525e-06, 1.6568200926836764e+152, 2.7425651147123446e-07, 0.9700583624196151, 1406.8294286458033, 2.6349176182491905e-08, 0.1996531235988875, 0.0013003494886214399, 5.152907970007524, 0.19965176093367418, 0.026714672365644242, 0.002680944496555695, 0.00017936369186284147, 6e-06
64.5, 5.411720904331375, -1.3756098306229308e-06, 2.4797938604849273e+153, 2.74218445217716e-07, 0.9698985042817689, 1406.597594004257, 2.6341942780728393e-08, 0.19963107414315986, 0.0013000634058995691, 5.1529216658284644, 0.19962971170430063, 0.026712459590005035, 0.0026807964528018204, 0.00017935873949607764, 6e-06
65.0, 5.411720216583942, -1.3753799112321009e-06, 3.7115529339180146e+154, 2.741803863666421e-07, 0.9697386812571015, 1406.3658102856812, 2.6334711761053592e-08, 0.19960902834495534, 0.001299777401851636, 5.1529353601576, 0.1996076661324, 0.026710247120329454, 0.002680648425431131, 0.0001793537875406415, 6e-06
65.5, 5.411719528951453, -1.3751500432321617e-06, 5.555147411520977e+155, 2.7414233496544655e-07, 0.9695788933359755, 1406.1340774760993, 2.6327483122552624e-08, 0.19958698620346382, 0.001299491476451677, 5.152949052995176, 0.19958562421716214, 0.026708034956558144, 0.0026805004144409, 0.0001793488359964759, 6e-06
66.0, 5.411718841433884, -1.3749202266087086e-06, 8.314485258681391e+156, 2.741042909467056e-07, 0.9694191405087562, 1405.9023955615376, 2.632025686431094e-08, 0.19956494771787536, 0.0012992056296737401, 5.152962744341436, 0.19956358595777718, 0.026705823098631797, 0.002680352419828404, 0.0001793438848635237, 6e-06
66.5, 5.411718154031212, -1.374690461347356e-06, 1.244442968589494e+158, 2.7406625433603346e-07, 0.9692594227658123, 1405.6707645280303, 2.6313032985414522e-08, 0.1995429128873815, 0.0012989198614918858, 5.1529764341966295, 0.19954155135343662, 0.026703611546491215, 0.0026802044415909247, 0.0001793389341417281, 6e-06
67.0, 5.41171746674341, -1.3744607474337075e-06, 1.8625780451009418e+159, 2.740282251519294e-07, 0.969099740097516, 1405.439184361612, 2.6305811484949613e-08, 0.19952088171117144, 0.0012986341718801767, 5.152990122560999, 0.19951952040332974, 0.026701400300076995, 0.0026800564797257297, 0.00017933398383103175, 6e-06
67.5, 5.411716779570451, -1.374231084853381e-06, 2.7877499168185377e+160, 2.739902033636562e-07, 0.9689400924942421, 1405.207655048326, 2.629859236200293e-08, 0.19949885418843702, 0.0012983485608126935, 5.153003809434788, 0.19949749310664835, 0.02669918935932995, 0.0026799085342301037, 0.00017932903393137777, 6e-06
68.0, 5.411716092512311, -1.374001473591994e-06, 4.172467805853393e+161, 2.7395218897483247e-07, 0.968780479946369, 1404.9761765742176, 2.6291375615661528e-08, 0.19947683031836877, 0.0012980630282635219, 5.153017494818243, 0.199475469462583, 0.026696978724190773, 0.002679760605101319, 0.000179324084442709, 6e-06
68.5, 5.411715405568963, -1.373771913635184e-06, 6.244994038536084e+162, 2.739141820023717e-07, 0.968620902444278, 1404.7447489253375, 2.628416124501311e-08, 0.19945481010015914, 0.0012977775742067626, 5.153031178711606, 0.19945344947032612, 0.026694768394600346, 0.0026796126923366633, 0.0001793191353649687, 6e-06
69.0, 5.411714718740387, -1.373542404968569e-06, 9.346971376035264e+163, 2.7387618241784075e-07, 0.968461359978354, 1404.5133720877413, 2.6276949249145376e-08, 0.19943279353299886, 0.001297492198616521, 5.153044861115128, 0.19943143312906852, 0.02669255837049937, 0.0026794647959334093, 0.00017931418669809958, 6e-06
69.5, 5.4117140320265475, -1.3733129475777935e-06, 1.3989740161296385e+165, 2.7383819022342153e-07, 0.9683018525389845, 1404.2820460474882, 2.6269739627146813e-08, 0.19941078061608025, 0.0012972069014669152, 5.153058542029044, 0.1994094204380025, 0.026690348651828684, 0.002679316915888841, 0.00017930923844204484, 6e-06
70.0, 5.411713345427427, -1.3730835414484901e-06, 2.0938628644674073e+166, 2.738002054591482e-07, 0.9681423801165606, 1404.0507707906431, 2.6262532378105983e-08, 0.19938877134859456, 0.0012969216827320709, 5.153072221453605, 0.1993874113963193, 0.026688139238529033, 0.002679169052200233, 0.0001793042905967473, 6e-06
70.5, 5.411712658942996, -1.3728541865663057e-06, 3.1339110947319315e+167, 2.737622280465517e-07, 0.9679829427014761, 1403.8195463032748, 2.625532750111205e-08, 0.1993667657297348, 0.001296636542386127, 5.153085899389052, 0.19936540600321198, 0.02668593013054131, 0.002679021204864872, 0.00017929934316215012, 6e-06
71.0, 5.411711972573227, -1.3726248829168942e-06, 4.690562856780259e+168, 2.737242580489629e-07, 0.9678235402841286, 1403.5883725714564, 2.6248124995254585e-08, 0.19934476375869312, 0.001296351480403231, 5.153099575835627, 0.1993434042578727, 0.026683721327806328, 0.002678873373880038, 0.00017929439613819628, 6e-06
71.5, 5.411711286318099, -1.3723956304859022e-06, 7.020420075545717e+169, 2.7368629544959023e-07, 0.9676641728549181, 1403.3572495812666, 2.624092485962338e-08, 0.1993227654346619, 0.0012960664967575377, 5.153113250793582, 0.19932140615949384, 0.02668151283026491, 0.0026787255592430103, 0.00017928944952482878, 6e-06
72.0, 5.411710600177584, -1.3721664292589952e-06, 1.0507540914393306e+171, 2.7364834023447463e-07, 0.9675048404042487, 1403.1261773187885, 2.6233727093308806e-08, 0.19930077075683444, 0.0012957815914232166, 5.153126924263153, 0.19929941170726873, 0.02667930463785797, 0.0026785777609510753, 0.00017928450332199073, 6e-06
72.5, 5.411709914151662, -1.3719372792218337e-06, 1.5726748116144325e+172, 2.736103924102026e-07, 0.9673455429225265, 1402.8951557701089, 2.6226531695401536e-08, 0.19927877972440394, 0.001295496764374444, 5.153140596244595, 0.19927742090039058, 0.026677096750526392, 0.002678429979001516, 0.0001792795575296252, 6e-06
73.0, 5.411709228240301, -1.371708180360089e-06, 2.3538382910289332e+173, 2.735724519793627e-07, 0.9671862804001619, 1402.6641849213204, 2.6219338664992693e-08, 0.19925679233656354, 0.0012952120155854071, 5.1531542667381425, 0.19925543373805252, 0.026674889168211053, 0.0026782822133916153, 0.00017927461214767523, 6e-06
73.5, 5.411708542443474, -1.371479132659435e-06, 3.5230123606138516e+174, 2.735345188920274e-07, 0.9670270528275675, 1402.4332647585177, 2.6212148001173807e-08, 0.1992348085925072, 0.0012949273450303036, 5.153167935744038, 0.19923345021944855, 0.026672681890852916, 0.0026781344641186615, 0.000179269667176084, 6e-06
74.0, 5.411707856761153, -1.371250136105553e-06, 5.2729246037411586e+175, 2.734965932193339e-07, 0.96686786019516, 1402.2023952678035, 2.6204959703036826e-08, 0.19921282849142827, 0.001294642752683339, 5.153181603262524, 0.199211470343772, 0.02667047491839285, 0.002677986731179935, 0.00017926472261479452, 6e-06
74.5, 5.411707171193326, -1.3710211906841202e-06, 7.89203144935867e+176, 2.7345867491401104e-07, 0.966708702493358, 1401.9715764352836, 2.619777376967389e-08, 0.19919085203252113, 0.0012943582385187308, 5.1531952692938585, 0.19918949411021733, 0.02666826825077184, 0.0026778390145727254, 0.00017925977846374992, 6e-06
75.0, 5.411706485739953, -1.3707922963808316e-06, 1.1812067065757289e+178, 2.7342076400806983e-07, 0.9665495797125847, 1401.7408082470672, 2.6190590200177878e-08, 0.19916887921497978, 0.0012940738025107054, 5.153208933838269, 0.1991675215179785, 0.026666061887930824, 0.002677691314294317, 0.00017925483472289332, 6e-06
75.5, 5.411705800401014, -1.370563453181376e-06, 1.767920990334187e+179, 2.733828604463515e-07, 0.9663904918432655, 1401.510090689269, 2.6183408993641752e-08, 0.19914691003799906, 0.0012937894446335006, 5.153222596896008, 0.19914555256625038, 0.0266638558298108, 0.0026775436303419996, 0.00017924989139216793, 6e-06
76.0, 5.411705115176485, -1.3703346610714547e-06, 2.6460597792549183e+180, 2.7334496429131966e-07, 0.966231438875829, 1401.2794237480086, 2.617623014915911e-08, 0.1991249445007734, 0.0012935051648613617, 5.153236258467316, 0.1991235872542274, 0.02666165007635274, 0.002677395962713059, 0.0001792449484715168, 6e-06
76.5, 5.41170443006634, -1.370105920036768e-06, 3.9603749236093674e+181, 2.733070754938464e-07, 0.9660724208007073, 1401.0488074094105, 2.616905366582375e-08, 0.19910298260249795, 0.001293220963168546, 5.15324991855244, 0.19910162558110475, 0.02665944462749766, 0.002677248311404785, 0.00017924000596088313, 6e-06
77.0, 5.4117037450705565, -1.369877230063023e-06, 5.927516939264016e+182, 2.732691940738268e-07, 0.9659134376083354, 1400.8182416596028, 2.6161879542729982e-08, 0.19908102434236777, 0.0012929368395293195, 5.153263577151625, 0.19907966754607748, 0.026657239483186573, 0.0026771006764144656, 0.0001792350638602101, 6e-06
77.5, 5.411703060189101, -1.3696485911359354e-06, 8.871747173346735e+183, 2.7323132001597365e-07, 0.9657544892891516, 1400.587726484718, 2.6154707778972557e-08, 0.19905906971957824, 0.0012926527939179588, 5.153277234265106, 0.19905771314834098, 0.02665503464336052, 0.002676953057739391, 0.00017923012216944085, 6e-06
78.0, 5.41170237542195, -1.3694200032412176e-06, 1.3278388196450419e+185, 2.731934533219539e-07, 0.9655955758335976, 1400.3572618708943, 2.6147538373646468e-08, 0.19903711873332466, 0.001292368826308749, 5.153290889893131, 0.19903576238709061, 0.026652830107960504, 0.0026768054553768495, 0.00017922518088851855, 6e-06
78.5, 5.411701690769081, -1.3691914663645968e-06, 1.987382296807317e+186, 2.7315559400338204e-07, 0.9654366972321171, 1400.1268478042737, 2.6140371325847252e-08, 0.19901517138280317, 0.0012920849366759865, 5.153304544035944, 0.19901381526152248, 0.026650625876927632, 0.0026766578693241333, 0.00017922024001738643, 6e-06
79.0, 5.411701006230471, -1.368962980491794e-06, 2.9745229491895146e+187, 2.7311774204708504e-07, 0.9652778534751585, 1399.8964842710025, 2.6133206634670706e-08, 0.19899322766720975, 0.0012918011249939776, 5.1533181966937915, 0.19899187177083258, 0.02664842195020296, 0.002676510299578534, 0.00017921529955598772, 6e-06
79.5, 5.411700321806092, -1.3687345456085472e-06, 4.4519787470040435e+188, 2.730798974568576e-07, 0.9651190445531722, 1399.666171257233, 2.612604429921319e-08, 0.19897128758574092, 0.001291517391237039, 5.153331847866914, 0.19896993191421747, 0.026646218327727622, 0.002676362746137345, 0.00017921035950426564, 6e-06
80.0, 5.4116996374959125, -1.3685061617005895e-06, 6.663289650493466e+189, 2.730420602082916e-07, 0.9649602704566124, 1399.4359087491198, 2.6118884318571358e-08, 0.19894935113759277, 0.0012912337353794944, 5.15334549755555, 0.19894799569087324, 0.026644015009442676, 0.002676215208997856, 0.00017920541986216342, 6e-06
80.5, 5.4116989532999185, -1.368277828753657e-06, 9.972961755020153e+190, 2.7300423031821933e-07, 0.9648015311759358, 1399.205696732823, 2.611172669184214e-08, 0.198927418321962, 0.00129095015739568, 5.153359145759954, 0.1989260630999966, 0.026641811995289238, 0.0026760676881573604, 0.00017920048062962423, 6e-06
81.0, 5.411698269218082, -1.368049546753501e-06, 1.4926550902929995e+192, 2.7296640779940723e-07, 0.9646428267016033, 1398.975535194509, 2.6104571418123094e-08, 0.19890548913804573, 0.0012906666572599416, 5.153372792480365, 0.1989041341407847, 0.026639609285208466, 0.002675920183613153, 0.00017919554180659137, 6e-06
81.5, 5.411697585250371, -1.3678213156858747e-06, 2.2340589600077014e+193, 2.7292859263656805e-07, 0.9644841570240776, 1398.7454241203463, 2.6097418496512105e-08, 0.19888356358504117, 0.0012903832349466346, 5.153386437717021, 0.19888220881243474, 0.026637406879141515, 0.0026757726953625287, 0.00017919060339300816, 6e-06
82.0, 5.411696901396757, -1.3675931355365342e-06, 3.34371802484902e+194, 2.7289078482089265e-07, 0.9643255221338253, 1398.5153634965088, 2.6090267926107443e-08, 0.19886164166214568, 0.0012900998904301236, 5.153400081470162, 0.1988602871141441, 0.026635204777029547, 0.0026756252234027824, 0.00017918566538881783, 6e-06
82.5, 5.411696217657226, -1.3673650062912378e-06, 5.004544019535339e+195, 2.728529843464857e-07, 0.9641669220213162, 1398.2853533091754, 2.6083119706007696e-08, 0.19883972336855718, 0.0012898166236847853, 5.153413723740041, 0.19883836904511074, 0.026633002978813776, 0.002675477767731212, 0.00017918072779396377, 6e-06
83.0, 5.411695534031746, -1.3671369279357487e-06, 7.490300347345318e+196, 2.72815191241943e-07, 0.9640083566770226, 1398.0553935445294, 2.6075973835311887e-08, 0.1988178087034727, 0.001289533434685001, 5.1534273645268955, 0.19881645460453168, 0.026630801484435324, 0.0026753303283451077, 0.0001791757906083891, 6e-06
83.5, 5.4116948505202895, -1.3669089004558393e-06, 1.121072767091925e+198, 2.7277740545183474e-07, 0.9638498260914212, 1397.8254841887579, 2.606883031311947e-08, 0.198795897666091, 0.0012892503234051688, 5.1534410038309675, 0.1987945437916057, 0.026628600293835458, 0.0026751829052417716, 0.00017917085383203725, 6e-06
84.0, 5.411694167122836, -1.3666809238372822e-06, 1.6779083099505083e+199, 2.727396270316314e-07, 0.9636913302549901, 1397.5956252280523, 2.6061689138530265e-08, 0.1987739902556099, 0.0012889672898196908, 5.153454641652503, 0.19877263660553063, 0.02662639940695536, 0.0026750354984184984, 0.0001791659174648515, 6e-06
84.5, 5.411693483839358, -1.3664529980658646e-06, 2.5113225630242612e+200, 2.7270185595283203e-07, 0.9635328691582119, 1397.3658166486111, 2.605455031064456e-08, 0.19875208647122855, 0.0012886843339029838, 5.153468277991742, 0.19875073304550564, 0.02662419882373634, 0.0026748881078725896, 0.00017916098150677528, 6e-06
85.0, 5.41169280066983, -1.3662251231273615e-06, 3.7586909987598136e+201, 2.7266409221790317e-07, 0.9633744427915719, 1397.1360584366346, 2.6047413828562862e-08, 0.19873018631214487, 0.0012884014556294697, 5.153481912848929, 0.19872883311072864, 0.02662199854411957, 0.0026747407336013395, 0.0001791560459577518, 6e-06
85.5, 5.411692117614226, -1.3659972990075627e-06, 5.625622692735243e+202, 2.726263358115034e-07, 0.9632160511455583, 1396.9063505783288, 2.60402796913862e-08, 0.19870828977755783, 0.0012881186549735819, 5.153495546224305, 0.19870693680039866, 0.026619798568046322, 0.0026745933756020467, 0.0001791511108177244, 6e-06
86.0, 5.411691434672518, -1.3657695256922677e-06, 8.419851454974416e+203, 2.7258858674547755e-07, 0.9630576942106629, 1396.6766930599035, 2.6033147898216047e-08, 0.19868639686666692, 0.0012878359319097663, 5.153509178118111, 0.19868504411371518, 0.026617598895457912, 0.002674446033872014, 0.0001791461760866365, 6e-06
86.5, 5.411690751844687, -1.3655418031672693e-06, 1.2601960386034644e+205, 2.7255084501052866e-07, 0.9628993719773801, 1396.4470858675738, 2.6026018448154095e-08, 0.1986645075786714, 0.0012875532864124754, 5.153522808530596, 0.19866315504987747, 0.026615399526295623, 0.002674298708408541, 0.00017914124176443148, 6e-06
87.0, 5.411690069130706, -1.3653141314183741e-06, 1.8861300845017737e+206, 2.72513110621185e-07, 0.9627410844362078, 1396.2175289875593, 2.60188913403026e-08, 0.19864262191277088, 0.0012872707184561727, 5.153536437461999, 0.19864126960808512, 0.026613200460500766, 0.0026741513992089272, 0.00017913630785105272, 6e-06
87.5, 5.411689386530547, -1.365086510431389e-06, 2.822961961921036e+207, 2.72475383563745e-07, 0.9625828315776468, 1395.9880224060828, 2.6011766573764114e-08, 0.19862073986816514, 0.0012869882280153319, 5.153550064912562, 0.198619387787538, 0.026611001698014666, 0.0026740041062704766, 0.00017913137434644362, 6e-06
88.0, 5.4116887040441854, -1.364858940192131e-06, 4.225112352874243e+208, 2.7243766383106644e-07, 0.962424613392201, 1395.7585661093742, 2.6004644147641657e-08, 0.19859886144405445, 0.0012867058150644358, 5.153563690882527, 0.19859750958743633, 0.02660880323877869, 0.0026738568295904905, 0.00017912644125054762, 6e-06
88.5, 5.411688021671599, -1.364631420686411e-06, 6.32370132674243e+209, 2.723999514363495e-07, 0.9622664298703778, 1395.5291600836658, 2.599752406103852e-08, 0.1985769866396386, 0.0012864234795779766, 5.153577315372139, 0.19857563500697994, 0.02660660508273414, 0.0026737095691662695, 0.00017912150856330805, 6e-06
89.0, 5.411687339412758, -1.364403951900057e-06, 9.464644129923335e+210, 2.7236224634725787e-07, 0.9621082810026867, 1395.2998043151947, 2.5990406313058517e-08, 0.1985551154541186, 0.0012861412215304578, 5.1535909383816385, 0.19855376404536987, 0.02660440722982245, 0.002673562324995121, 0.00017911657628466845, 6e-06
89.5, 5.41168665726764, -1.3641765338188938e-06, 1.4165668700287407e+212, 2.72324548586492e-07, 0.9619501667796423, 1395.0704987902027, 2.5983290902805774e-08, 0.19853324788669485, 0.0012858590408963916, 5.153604559911268, 0.1985318967018065, 0.026602209679984955, 0.0026734150970743457, 0.0001791116444145722, 6e-06
90.0, 5.411685975236215, -1.3639491664287613e-06, 2.1201653072652672e+213, 2.7228685815551556e-07, 0.9617920871917601, 1394.8412434949378, 2.597617782938495e-08, 0.19851138393656878, 0.0012855769376503017, 5.153618179961265, 0.19851003297549127, 0.026600012433163123, 0.0026732678854012528, 0.00017910671295296286, 6e-06
90.5, 5.411685293318462, -1.3637218497154876e-06, 3.173234876977459e+214, 2.7224917506236523e-07, 0.9616340422295601, 1394.6120384156495, 2.596906709190085e-08, 0.19848952360294078, 0.0012852949117667177, 5.153631798531879, 0.19848817286562462, 0.026597815489298283, 0.002673120689973142, 0.00017910178189978375, 6e-06
91.0, 5.411684611514357, -1.3634945836649135e-06, 4.7493542684685514e+215, 2.722114992695005e-07, 0.9614760318835646, 1394.3828835385941, 2.596195868945879e-08, 0.19846766688501252, 0.0012850129632201817, 5.153645415623349, 0.1984663163714082, 0.026595618848331896, 0.002672973510787321, 0.00017909685125497838, 6e-06
91.5, 5.4116839298238695, -1.363267368262894e-06, 7.108316640268339e+216, 2.721738307978058e-07, 0.9613180561442998, 1394.1537788500311, 2.5954852621164606e-08, 0.19844581378198597, 0.0012847310919852472, 5.153659031235916, 0.19844446349204403, 0.026593422510205446, 0.002672826347841099, 0.00017909192101849035, 6e-06
92.0, 5.41168324824698, -1.3630402034952713e-06, 1.0638951188592144e+218, 2.7213616963322714e-07, 0.9611601150022944, 1393.9247243362258, 2.594774888612429e-08, 0.19842396429306255, 0.0012844492980364738, 5.153672645369825, 0.1984226142267335, 0.026591226474860345, 0.0026726792011317795, 0.00017908699119026304, 6e-06
92.5, 5.411682566783658, -1.3628130893479053e-06, 1.5923213547789248e+219, 2.720985158062713e-07, 0.9610022084480805, 1393.6957199834467, 2.594064748344441e-08, 0.19840211841744398, 0.0012841675813484318, 5.153686258025314, 0.19840076857467837, 0.02658903074223804, 0.002672532070656669, 0.00017908206177023991, 6e-06
93.0, 5.411681885433884, -1.3625860258066533e-06, 2.383210890057075e+220, 2.720608692775953e-07, 0.9608443364721933, 1393.4667657779664, 2.593354841223177e-08, 0.19838027615433287, 0.0012838859418957034, 5.15369986920263, 0.19837892653508127, 0.026586835312280052, 0.0026723849564130775, 0.00017907713275836458, 6e-06
93.5, 5.411681204197625, -1.3623590128573884e-06, 3.5669258563346e+221, 2.7202323004558635e-07, 0.960686499065171, 1393.237861706065, 2.592645167159381e-08, 0.19835843750293206, 0.0012836043796528806, 5.153713478902008, 0.19835708810714503, 0.026584640184927923, 0.002672237858398317, 0.00017907220415458062, 6e-06
94.0, 5.41168052307486, -1.3621320504859738e-06, 5.338577372609329e+222, 2.7198559814300093e-07, 0.9605286962175549, 1393.0090077540235, 2.5919357260638083e-08, 0.1983366024624435, 0.0012833228945945605, 5.153727087123694, 0.19833525329007165, 0.026582445360123087, 0.002672090776609691, 0.00017906727595883143, 6e-06
94.5, 5.411679842065563, -1.3619051386782894e-06, 7.990185332445469e+223, 2.7194797353954914e-07, 0.9603709279198895, 1392.7802039081296, 2.5912265178472706e-08, 0.19831477103207068, 0.0012830414866953556, 5.1537406938679275, 0.1983134220830646, 0.026580250837807146, 0.0026719437110445136, 0.0001790623481710607, 6e-06
95.0, 5.411679161169709, -1.3616782774202104e-06, 1.195881139421625e+225, 2.719103562289426e-07, 0.9602131941627222, 1392.5514501546747, 2.590517542420611e-08, 0.19829294321101654, 0.0012827601559298846, 5.153754299134952, 0.19829159448532682, 0.02657805661792161, 0.0026717966617000937, 0.00017905742079121192, 6e-06
95.5, 5.411678480387274, -1.3614514666976235e-06, 1.7898598760054626e+226, 2.71872746263345e-07, 0.9600554949366039, 1392.3227464799545, 2.5898087996947127e-08, 0.19827111899848404, 0.0012824789022727772, 5.15376790292501, 0.19826977049606134, 0.026575862700408008, 0.0026716496285737416, 0.0001790524938192286, 6e-06
96.0, 5.41167779971823, -1.3612247064964179e-06, 2.6788592777978058e+227, 2.7183514354874245e-07, 0.9598978302320883, 1392.0940928702705, 2.5891002895805026e-08, 0.19824929839367764, 0.001282197725698674, 5.1537815052383396, 0.19824795011447258, 0.026573669085207998, 0.002671502611662772, 0.0001790475672550545, 6e-06
96.5, 5.411677119162555, -1.3609979968024863e-06, 4.009411398408531e+228, 2.717975481329889e-07, 0.959740200039732, 1391.865489311927, 2.5883920119889397e-08, 0.1982274813958005, 0.0012819166261822227, 5.153795106075185, 0.19822613333976374, 0.026571475772263115, 0.002671355610964496, 0.00017904264109863314, 6e-06
97.0, 5.411676438720224, -1.3607713376017268e-06, 6.000828198012595e+229, 2.7175996004271514e-07, 0.9595826043500953, 1391.636935791234, 2.5876839668310242e-08, 0.19820566800405653, 0.0012816356036980823, 5.15380870543579, 0.19820432017113876, 0.02656928276151494, 0.002671208626476224, 0.00017903771534990803, 6e-06
97.5, 5.41167575839121, -1.3605447288800422e-06, 8.981349937687598e+230, 2.7172237924165453e-07, 0.9594250431537409, 1391.4084322945055, 2.5869761540177944e-08, 0.19818385821765006, 0.0012813546582209202, 5.1538223033203945, 0.19818251060780195, 0.026567090052905112, 0.002671061658195271, 0.00017903279000882282, 6e-06
98.0, 5.411675078175492, -1.3603181706233432e-06, 1.344224773778924e+232, 2.716848057310946e-07, 0.9592675164412354, 1391.1799788080596, 2.586268573460335e-08, 0.19816205203578593, 0.0012810737897254176, 5.153835899729241, 0.19816070464895819, 0.026564897646375298, 0.002670914706118953, 0.00017902786507532128, 6e-06
98.5, 5.411674398073033, -1.3600916628175409e-06, 2.0118797736972674e+233, 2.7164723950871784e-07, 0.9591100242031478, 1390.9515753182197, 2.5855612250697624e-08, 0.1981402494576682, 0.0012807929981862593, 5.153849494662563, 0.1981389022938115, 0.026562705541867078, 0.0026707677702445818, 0.00017902294054934686, 6e-06
99.0, 5.41167371808382, -1.359865205448554e-06, 3.0111473368453082e+234, 2.716096805853934e-07, 0.9589525664300504, 1390.7232218113134, 2.5848541087572326e-08, 0.19811845048250226, 0.0012805122835781448, 5.153863088120611, 0.19811710354156736, 0.02656051373932217, 0.002670620850569475, 0.00017901801643084334, 6e-06
99.5, 5.411673038207817, -1.3596387985023058e-06, 4.5067331162778997e+235, 2.715721289370249e-07, 0.9587951431125187, 1390.4949182736718, 2.5841472244339453e-08, 0.19809665510949293, 0.0012802316458757805, 5.1538766801036155, 0.19809530839143055, 0.02655832223868222, 0.002670473947090947, 0.00017901309271975432, 6e-06
100.0, 5.411672358445004, -1.3594124419647254e-06, 6.745148678012444e+236, 2.7153458458754605e-07, 0.9586377542411312, 1390.2666646916334, 2.5834405720111365e-08, 0.19807486333784585, 0.0012799510850538848, 5.153890270611824, 0.19807351684260674, 0.026556131039888943, 0.002670327059806316, 0.00017900816941602356, 6e-06
100.5, 5.411671678795365, -1.359186135821734e-06, 1.0095342691527966e+238, 2.714970475292997e-07, 0.9584803998064698, 1390.0384610515368, 2.5827341514000632e-08, 0.19805307516676599, 0.0012796706010871825, 5.153903859645487, 0.19805172889430092, 0.026553940142883998, 0.0026701801887128954, 0.00017900324651959457, 6e-06
101.0, 5.4116709992588605, -1.358959880059278e-06, 1.5109512673185877e+239, 2.714595177472426e-07, 0.9583230797991187, 1389.81030733973, 2.5820279625120528e-08, 0.19803129059545957, 0.0012793901939504111, 5.1539174472048295, 0.19802994454571932, 0.026551749547609138, 0.0026700333338080065, 0.00017899832403041118, 6e-06
101.5, 5.411670319835473, -1.358733674663296e-06, 2.2614120455821784e+240, 2.71421995225857e-07, 0.958165794209666, 1389.5822035425601, 2.5813220052584528e-08, 0.19800950962313274, 0.0012791098636183175, 5.153931033290101, 0.19800816379606812, 0.026549559254006122, 0.002669886495088968, 0.0001789934019484171, 6e-06
102.0, 5.411669640525177, -1.358507519619732e-06, 3.3846112800562623e+241, 2.713844800012605e-07, 0.9580085430287026, 1389.3541496463833, 2.5806162795506492e-08, 0.1979877322489913, 0.0012788296100656564, 5.153944617901543, 0.19798638664455306, 0.026547369262016646, 0.002669739672553096, 0.00017898848027355602, 6e-06
102.5, 5.411668961327937, -1.358281414914545e-06, 5.06567993626663e+242, 2.7134697205016974e-07, 0.9578513262468223, 1389.1261456375587, 2.5799107853000843e-08, 0.19796595847224208, 0.001278549433267194, 5.153958201039385, 0.19796461309038108, 0.026545179571582523, 0.0026695928661977127, 0.00017898355900577168, 6e-06
103.0, 5.411668282243749, -1.358055360533678e-06, 7.581699161501749e+243, 2.71309471376637e-07, 0.957694143854622, 1388.8981915024478, 2.5792055224182014e-08, 0.1979441882920915, 0.001278269333197705, 5.1539717827038904, 0.1979428431327586, 0.02654299018264551, 0.0026694460760201375, 0.00017897863814500783, 6e-06
103.5, 5.411667603272572, -1.3578293564630989e-06, 1.1347369629572613e+245, 2.7127197799463494e-07, 0.9575369958427025, 1388.6702872274202, 2.578500490816524e-08, 0.19792242170774624, 0.0012779893098319743, 5.153985362895282, 0.19792107677089224, 0.026540801095147372, 0.002669299302017689, 0.00017897371769120814, 6e-06
104.0, 5.411666924414382, -1.3576034026887716e-06, 1.698336363171428e+246, 2.712344918448441e-07, 0.9573798822016664, 1388.442432798848, 2.5777956904065926e-08, 0.19790065871841386, 0.0012777093631447971, 5.153998941613803, 0.19789931400398963, 0.02653861230902997, 0.0026691525441876916, 0.00017896879764431648, 6e-06
104.5, 5.411666245669156, -1.3573774991966617e-06, 2.541862579434296e+247, 2.711970129994995e-07, 0.9572228029221199, 1388.2146282031067, 2.5770911210999852e-08, 0.19787889932330097, 0.0012774294931109755, 5.154012518859696, 0.19787755483125738, 0.026536423824235045, 0.002669005802527463, 0.0001789638780042765, 6e-06
105.0, 5.411665567036873, -1.3571516459727457e-06, 3.804348373254514e+248, 2.711595414052855e-07, 0.9570657579946729, 1387.9868734265788, 2.576386782808326e-08, 0.19785714352161557, 0.0012771496997053254, 5.154026094633205, 0.1978557992519035, 0.026534235640704496, 0.0026688590770343286, 0.00017895895877103203, 6e-06
105.5, 5.4116648885175005, -1.3569258430030041e-06, 5.693880445092526e+249, 2.711220770849161e-07, 0.9569087474099373, 1387.7591684556487, 2.575682675443278e-08, 0.19783539131256536, 0.0012768699829026691, 5.154039668934565, 0.19783404726513573, 0.026532047758380153, 0.002668712367705611, 0.0001789540399445269, 6e-06
106.0, 5.411664210111017, -1.3567000902734212e-06, 8.521896615543798e+250, 2.7108462002935175e-07, 0.9567517711585293, 1387.5315132767087, 2.574978798916541e-08, 0.19781364269535834, 0.0012765903426778412, 5.154053241764017, 0.19781229887016205, 0.026529860177203893, 0.0026685656745386336, 0.0001789491215247049, 6e-06
106.5, 5.411663531817398, -1.3564743877699811e-06, 1.2754517415240426e+252, 2.7104717023966314e-07, 0.956594829231067, 1387.3039078761512, 2.574275153139846e-08, 0.19779189766920238, 0.001276310779005683, 5.154066813121806, 0.19779055406619037, 0.026527672897117566, 0.0026684189975307204, 0.00017894420351150984, 6e-06
107.0, 5.411662853636617, -1.3562487354786762e-06, 1.9089372551022507e+253, 2.710097276990587e-07, 0.9564379216181724, 1387.0763522403763, 2.5735717380249702e-08, 0.19777015623330593, 0.0012760312918610468, 5.154080383008169, 0.19776881285242914, 0.02652548591806306, 0.0026682723366791947, 0.00017893928590488546, 6e-06
107.5, 5.411662175568652, -1.3560231333855094e-06, 2.857058475734719e+254, 2.70972292438926e-07, 0.9562810483104698, 1386.8488463557878, 2.5728685534837323e-08, 0.19774841838687776, 0.0012757518812187953, 5.154093951423348, 0.19774707522808715, 0.026523299239982315, 0.002668125691981384, 0.00017893436870477567, 6e-06
108.0, 5.411661497613475, -1.3557975814764779e-06, 4.276086259546778e+255, 2.709348643999051e-07, 0.9561242092985872, 1386.6213902087934, 2.5721655994279775e-08, 0.19772668412912683, 0.0012754725470538002, 5.154107518367583, 0.19772534119237337, 0.026521112862817248, 0.0026679790634346143, 0.0001789294519111244, 6e-06
108.5, 5.411660819771062, -1.3555720797375891e-06, 6.399906637361809e+256, 2.7089744365074784e-07, 0.9559674045731559, 1386.3939837858047, 2.571462875769602e-08, 0.1977049534592615, 0.0012751932893409412, 5.154121083841114, 0.19770361074449616, 0.026518926786509734, 0.002667832451036208, 0.00017892453552387525, 6e-06
109.0, 5.411660142041388, -1.3553466281548617e-06, 9.578569888892346e+257, 2.708600301381522e-07, 0.9558106341248094, 1386.1666270732399, 2.5707603824205406e-08, 0.1976832263764922, 0.001274914108055113, 5.154134647844181, 0.19768188388366595, 0.026516741011001838, 0.0026676858547835004, 0.00017891961954297244, 6e-06
109.5, 5.411659464424427, -1.3551212267143038e-06, 1.433598569964773e+259, 2.7082262387449166e-07, 0.9556538979441848, 1385.9393200575196, 2.5700581192927545e-08, 0.19766150288002746, 0.0012746350031712125, 5.1541482103770235, 0.19766016060909133, 0.02651455553623543, 0.0026675392746738124, 0.0001789147039683596, 6e-06
110.0, 5.4116587869201505, -1.3548958754019452e-06, 2.1456273613566535e+260, 2.707852248680603e-07, 0.9554971960219225, 1385.7120627250702, 2.5693560862982604e-08, 0.1976397829690775, 0.0012743559746641526, 5.154161771439879, 0.19763844091998253, 0.026512370362152544, 0.002667392710704476, 0.00017890978879998073, 6e-06
110.5, 5.411658109528539, -1.3546705742038056e-06, 3.211300088502675e+261, 2.7074783312343895e-07, 0.9553405283486653, 1385.4848550623208, 2.568654283349095e-08, 0.19761806664285184, 0.00127407702250885, 5.1541753310329925, 0.19761672481554904, 0.02651018548869513, 0.0026672461628728166, 0.00017890487403777965, 6e-06
111.0, 5.41165743224957, -1.3544453231059141e-06, 4.806260841040777e+262, 2.7071044860296507e-07, 0.95518389491506, 1385.2576970557075, 2.567952710357339e-08, 0.197596353900561, 0.0012737981466802379, 5.154188889156606, 0.19759501229500143, 0.02650800091580524, 0.0026670996311761682, 0.00017889995968170037, 6e-06
111.5, 5.411656755083206, -1.3542201220943159e-06, 7.193390469429642e+263, 2.7067307132763155e-07, 0.9550272957117552, 1385.0305886916683, 2.5672513672351312e-08, 0.1975746447414154, 0.0012735193471532535, 5.154202445810947, 0.19757330335755013, 0.0265058166434249, 0.00266695311561186, 0.00017889504573168682, 6e-06
112.0, 5.411656078029436, -1.3539949711550404e-06, 1.0766134140600678e+265, 2.706357013110587e-07, 0.9548707307294039, 1384.8035299566473, 2.5665502538946143e-08, 0.19755293916462519, 0.0012732406239028447, 5.15421600099627, 0.1975515980024053, 0.026503632671496104, 0.00266680661617722, 0.00017889013218768283, 6e-06
112.5, 5.411655401088227, -1.3537698702741389e-06, 1.6113348162532313e+266, 2.7059833854211983e-07, 0.954714199958661, 1384.5765208370917, 2.5658493702479974e-08, 0.19753123716940163, 0.001272961976903971, 5.154229554712806, 0.1975298962287782, 0.026501448999960944, 0.002666660132869582, 0.00017888521904963246, 6e-06
113.0, 5.41165472425955, -1.353544819437655e-06, 2.411635390696216e+267, 2.7056098298506345e-07, 0.9545577033901851, 1384.349561319456, 2.5651487162075134e-08, 0.19750953875495497, 0.001272683406131598, 5.1542431069607915, 0.19750819803587913, 0.02649926562876143, 0.002666513665686274, 0.0001788803063174795, 6e-06
113.5, 5.411654047543393, -1.3533198186316421e-06, 3.609419489473681e+268, 2.705236346764136e-07, 0.9544012410146377, 1384.1226513901947, 2.564448291685431e-08, 0.197487843920497, 0.001272404911560704, 5.15425665774048, 0.19748650342291985, 0.026497082557839672, 0.0026663672146246312, 0.000178875393991168, 6e-06
114.0, 5.411653370939717, -1.3530948678421662e-06, 5.402103773256232e+269, 2.70486293607212e-07, 0.954244812822684, 1383.895791035771, 2.5637480965940783e-08, 0.19746615266523918, 0.0012721264931662773, 5.154270207052097, 0.19746481238911182, 0.026494899787137777, 0.0026662207796819873, 0.00017887048207064198, 6e-06
114.5, 5.411652694448512, -1.3528699670552852e-06, 8.085154798884379e+270, 2.7044895978197174e-07, 0.9540884188049912, 1383.6689802426492, 2.5630481308457956e-08, 0.19744446498839324, 0.0012718481509233143, 5.154283754895895, 0.19744312493366684, 0.026492717316597865, 0.002666074360855677, 0.00017886557055584544, 6e-06
115.0, 5.411652018069744, -1.352645116257066e-06, 1.2100786797001069e+272, 2.7041163317360125e-07, 0.9539320589522301, 1383.4422189973002, 2.562348394352977e-08, 0.1974227808891707, 0.00127156988480682, 5.154297301272106, 0.19742144105579643, 0.026490535146162026, 0.0026659279581430313, 0.0001788606594467223, 6e-06
115.5, 5.411651341803387, -1.3524203154335876e-06, 1.8110845770834926e+273, 2.703743137857055e-07, 0.9537757332550741, 1383.2155072861983, 2.561648887028056e-08, 0.19740110036678435, 0.0012712916947918115, 5.154310846180969, 0.19739976075471335, 0.026488353275772456, 0.0026657815715413896, 0.00017885574874321674, 6e-06
116.0, 5.411650665649421, -1.352195564570921e-06, 2.710589229871132e+274, 2.703370016423674e-07, 0.9536194417042007, 1382.9888450958238, 2.5609496087834912e-08, 0.1973794234204457, 0.0012710135808533126, 5.154324389622727, 0.19737808402962917, 0.026486171705371236, 0.0026656352010480827, 0.00017885083844527259, 6e-06
116.5, 5.411649989607813, -1.351970863655151e-06, 4.0568461476749827e+275, 2.7029969672206545e-07, 0.9534631842902895, 1382.7622324126585, 2.5602505595317935e-08, 0.1973577500493676, 0.0012707355429663583, 5.154337931597613, 0.19735641087975672, 0.026483990434900555, 0.0026654888466604476, 0.00017884592855283392, 6e-06
117.0, 5.411649313678547, -1.3517462126723636e-06, 6.071740757520402e+276, 2.7026239903072216e-07, 0.953306961004023, 1382.5356692231912, 2.5595517391855012e-08, 0.1973360802527628, 0.001270457581105993, 5.154351472105874, 0.19733474130430884, 0.02648180946430261, 0.0026653425083758217, 0.0001788410190658448, 6e-06
117.5, 5.4116486378615924, -1.3515216116086506e-06, 9.08736048341807e+277, 2.7022510857018065e-07, 0.9531507718360878, 1382.3091555139144, 2.5588531476572008e-08, 0.1973144140298442, 0.0012701796952472712, 5.154365011147744, 0.19731307530249834, 0.02647962879351957, 0.002665196186191542, 0.00017883610998424928, 6e-06
118.0, 5.41164796215693, -1.3512970604501019e-06, 1.360072769156598e+279, 2.70187825314271e-07, 0.9529946167771727, 1382.0826912713237, 2.5581547848595003e-08, 0.19729275137982483, 0.001269901885365255, 5.15437854872347, 0.1972914128735383, 0.02647744842249364, 0.0026650498801049443, 0.00017883120130799136, 6e-06
118.5, 5.4116472865645235, -1.3510725591828263e-06, 2.035571622746879e+280, 2.70150549281384e-07, 0.9528384958179698, 1381.856276481922, 2.55745665070507e-08, 0.19727109230191825, 0.0012696241514350184, 5.154392084833277, 0.19726975401664232, 0.02647526835116706, 0.002664903590113369, 0.00017882629303701518, 6e-06
119.0, 5.41164661108436, -1.3508481077929249e-06, 3.046565247029412e+281, 2.701132804721701e-07, 0.9526824089491743, 1381.6299111322137, 2.5567587451065994e-08, 0.197249436795338, 0.0012693464934316443, 5.1544056194774175, 0.19724809873102392, 0.026473088579482065, 0.0026647573162141545, 0.00017882138517126482, 6e-06
119.5, 5.4116459357164075, -1.3506237062665107e-06, 4.559680714045744e+282, 2.70076018876465e-07, 0.9525263561614843, 1381.403595208709, 2.5560610679768254e-08, 0.19722778485929812, 0.0012690689113302239, 5.154419152656123, 0.1972264470158972, 0.026470909107380917, 0.0026646110584046404, 0.0001788164777106844, 6e-06
120.0, 5.411645260460647, -1.3503993545896959e-06, 6.824301962702513e+283, 2.700387644836164e-07, 0.952370337445601, 1381.1773286979221, 2.555363619228517e-08, 0.1972061364930128, 0.0012687914051058605, 5.154432684369638, 0.19720479887047632, 0.026468729934805906, 0.0026644648166821694, 0.00017881157065521806, 6e-06
120.5, 5.411644585317047, -1.350175052748602e-06, 1.0213671631486997e+285, 2.700015173104158e-07, 0.9522143527922287, 1380.9511115863722, 2.5546663987744865e-08, 0.1971844916956959, 0.001268513974733664, 5.154446214618197, 0.19718315429397515, 0.02646655106169927, 0.002664318591044079, 0.00017880666400480982, 6e-06
121.0, 5.411643910285587, -1.349950800729352e-06, 1.5286406369185847e+286, 2.69964277355752e-07, 0.9520584021920747, 1380.724943860582, 2.553969406527582e-08, 0.19716285046656218, 0.0012682366201887554, 5.154459743402041, 0.1971615132856085, 0.02646437248800333, 0.002664172381487712, 0.0001788017577594039, 6e-06
121.5, 5.411643235366241, -1.3497265985180734e-06, 2.2878564072007767e+287, 2.699270446043106e-07, 0.9519024856358492, 1380.4988255070805, 2.5532726424006862e-08, 0.19714121280482622, 0.0012679593414462646, 5.154473270721409, 0.19713987584459092, 0.026462194213660386, 0.0026640261880104097, 0.00017879685191894435, 6e-06
122.0, 5.411642560558977, -1.3495024461009017e-06, 3.424143678742256e+288, 2.6988981905766364e-07, 0.9517466031142657, 1380.2727565123987, 2.5525761063067294e-08, 0.19711957870970273, 0.0012676821384813306, 5.154486796576532, 0.19711824197013716, 0.026460016238612744, 0.002663880010609513, 0.00017879194648337535, 6e-06
122.5, 5.411641885863783, -1.3492783434639714e-06, 5.124777910274189e+289, 2.698526007099294e-07, 0.9515907546180409, 1380.0467368630734, 2.551879798158664e-08, 0.19709794818040735, 0.0012674050112691049, 5.154500320967663, 0.1970966116614629, 0.026457838562802788, 0.002663733849282369, 0.00017878704145264115, 6e-06
123.0, 5.41164121128062, -1.3490542905934287e-06, 7.670046071558043e+290, 2.698153895792411e-07, 0.9514349401378941, 1379.8207665456453, 2.5511837178695005e-08, 0.19707632121615484, 0.0012671279597847437, 5.1545138438950255, 0.19707498491778283, 0.02645566118617281, 0.002663587704026316, 0.00017878213682668577, 6e-06
123.5, 5.411640536809475, -1.3488302874754182e-06, 1.1479441242369085e+292, 2.697781856450261e-07, 0.9512791596645476, 1379.5948455466594, 2.5504878653522675e-08, 0.19705469781616114, 0.001266850984003417, 5.15452736535887, 0.197053361738313, 0.026453484108665232, 0.002663441574838703, 0.00017877723260545353, 6e-06
124.0, 5.4116398624503255, -1.3486063340960904e-06, 1.7180799903502377e+293, 2.697409889036793e-07, 0.951123413188727, 1379.3689738526655, 2.5497922405200408e-08, 0.19703307797964217, 0.0012665740839003022, 5.154540885359438, 0.1970317421222693, 0.02645130733022243, 0.0026632954617168735, 0.0001787723287888886, 6e-06
124.5, 5.411639188203136, -1.3483824304416033e-06, 2.5713776444665463e+294, 2.6970379935464513e-07, 0.9509677007011608, 1379.1431514502187, 2.5490968432859376e-08, 0.19701146170581355, 0.0012662972594505858, 5.154554403896957, 0.1970101260688673, 0.02644913085078677, 0.002663149364658172, 0.0001787674253769351, 6e-06
125.0, 5.411638514067882, -1.3481585764981207e-06, 3.848470850603369e+295, 2.696666170212068e-07, 0.9508120221925809, 1378.9173783258757, 2.5484016735631135e-08, 0.19698984899389152, 0.001266020510629465, 5.154567920971666, 0.1969885135773234, 0.026446954670300664, 0.0026630032836599438, 0.0001787625223695373, 6e-06
125.5, 5.41163784004455, -1.3479347722518038e-06, 5.759839644178349e+296, 2.696294418706621e-07, 0.950656377653722, 1378.6916544662015, 2.5477067312647483e-08, 0.19696823984309292, 0.001265743837412147, 5.154581436583815, 0.19696690464685432, 0.026444778788706578, 0.0026628572187195384, 0.0001787576197666395, 6e-06
126.0, 5.411637166133103, -1.3477110176888263e-06, 8.620499631204913e+297, 2.6959227392554883e-07, 0.9505007670753214, 1378.465979857762, 2.547012016304077e-08, 0.19694663425263376, 0.0012654672397738455, 5.154594950733629, 0.19694529927667614, 0.026442603205946887, 0.0026627111698342993, 0.00017875271756818576, 6e-06
126.5, 5.4116364923335185, -1.3474873127953586e-06, 1.2901919749044207e+299, 2.695551131488822e-07, 0.9503451904481198, 1378.2403544871288, 2.546317528594356e-08, 0.19692503222173113, 0.0012651907176897859, 5.154608463421352, 0.196923697466006, 0.02644042792196407, 0.002662565137001575, 0.00017874781577412044, 6e-06
127.0, 5.4116358186457765, -1.347263657557587e-06, 1.930972498851184e+300, 2.6951795957606134e-07, 0.9501896477628611, 1378.0147783408786, 2.5456232680488996e-08, 0.19690343374960254, 0.001264914271135205, 5.154621974647223, 0.19690209921406132, 0.02643825293670063, 0.0026624191202187174, 0.00017874291438438786, 6e-06
127.5, 5.411635145069851, -1.3470400519616891e-06, 2.889999014201015e+301, 2.694808131832203e-07, 0.9500341390102921, 1377.7892514055911, 2.5449292345810378e-08, 0.1968818388354647, 0.0012646379000853447, 5.154635484411482, 0.19688050452005892, 0.026436078250099002, 0.0026622731194830707, 0.00017873801339893215, 6e-06
128.0, 5.411634471605712, -1.3468164959938589e-06, 4.325329073689166e+302, 2.6944367399455034e-07, 0.9498786641811622, 1377.563773667852, 2.5442354281041556e-08, 0.19686024747853534, 0.001264361604515459, 5.154648992714361, 0.19685891338321648, 0.02643390386210169, 0.002662127134791987, 0.00017873311281769766, 6e-06
128.5, 5.411633798253341, -1.3465929896402873e-06, 6.473519612058221e+303, 2.6940654197131833e-07, 0.9497232232662249, 1377.3383451142504, 2.5435418485316672e-08, 0.19683865967803243, 0.0012640853844008131, 5.154662499556104, 0.19683732580275204, 0.02643172977265124, 0.0026619811661428173, 0.00017872821264062875, 6e-06
129.0, 5.411633125012712, -1.3463695328871719e-06, 9.68861359395893e+304, 2.6936941714045314e-07, 0.9495678162562352, 1377.112965731379, 2.542848495777023e-08, 0.1968170754331735, 0.0012638092397166765, 5.15467600493695, 0.1968157417778831, 0.026429555981690132, 0.00266183521353291, 0.00017872331286766961, 6e-06
129.5, 5.411632451883801, -1.3461461257207126e-06, 1.4500489286602687e+306, 2.693322994658237e-07, 0.949412443141953, 1376.887635505837, 2.5421553697537132e-08, 0.19679549474317692, 0.0012635331704383332, 5.154689508857134, 0.19679416130782806, 0.026427382489160923, 0.002661689276959617, 0.0001787184134987646, 6e-06
